function y_pred = predict_final_model(X11)
% predict_final_model - 混合高斯+线性回归预测函数
%
% 输入：
%   X11 - N×11矩阵，11个连续特征，行是样本，列是特征
%
% 输出：
%   y_pred - N×1预测值
%
% --- 下面参数是从你提供的数据直接复制粘贴的硬编码 ---

muX = [0.43103448275862 1.05420689655172 0.922413793103448 1.6551724137931 1.1046394984326 ...
       1.10641926187903 0.698275862068966 2.04094827586207 1.42322634706211 0.972413793103448 0.657931034482759 ...
       0.172413793103448 0.206896551724138 0.137931034482759 0.103448275862069 0.137931034482759 0.206896551724138];
   
sigmaX = [0.269395418716829 0.772768556153335 0.533910139392213 0.711555743673452 0.122610898366836 ...
          0.504767779642794 0.225389646192627 1.70912694580359 0.395599870511473 0.584306600692204 0.337251276714144 ...
          0.384425872219245 0.412250820394885 0.350931203171798 0.309934046694603 0.350931203171798 0.412250820394885];
      
Q = [0.0510761434921688 -0.0828577710756875 -0.00926143537952685 -0.011653620727833 0.00930480743846284 -0.043552697492262 -0.0257389237960855 0.0523847910842324 0.0355306847846875 0.0759274897667145 0.0177448787602104  ...
    -0.040013876934483 0.114696394147215 -0.0578953209328015 -0.0407269337917271 -0.0196294332977215 0.0267787794290561; ...
   -0.0828577710756875 0.161738852357566 0.0149030899400882 0.0317431256498583 -0.0477165736340107 0.0799919312601607 0.0593883292260989 -0.0774308701451181 -0.0856574939848061 -0.0673206326512969 -0.0156953007594483  ...
    0.122951246399279 -0.14497458738065 0.0522377126131068 0.0974308784373378 -0.0150645480765779 -0.0948519642905057; ...
   -0.00926143537952686 0.0149030899400882 0.10724435080988 0.0173003414249077 -0.0575205861257194 -0.0211482260930515 -0.0207973304323086 0.0195666947088525 -0.0396582237183321 -0.00273076007703747 -0.03143046839496  ...
    0.0657135520202033 0.142965363258136 -0.0805102950851503 0.104214103525602 0.00716813203346379 -0.222853763022403; ...
   -0.011653620727833 0.0317431256498583 0.0173003414249077 0.0157583365454045 -0.0456046082837231 0.0245184383636715 0.0048758214540962 0.0301492922133805 -0.0544643940122553 0.0502707248095144 0.0265930781628993  ...
    0.0525216068921435 0.00457160730323987 -0.0215158336277358 0.0353073815519252 -0.0320264818407585 -0.0418070870141218; ...
   0.00930480743846284 -0.0477165736340107 -0.0575205861257194 -0.0456046082837231 0.113218712244035 -0.0753499613925532 0.00456877979500294 -0.105421698877956 0.139668694633056 -0.131812945556532 -0.091231111257034  ...
   -0.0974610755742707 -0.0246360157841293 0.0371315262775494 -0.0822407112441358 0.05592896741633 0.11170224764328; ...
  -0.043552697492262 0.0799919312601607 -0.0211482260930515 0.0245184383636715 -0.0753499613925532 0.0765058292576008 0.019806748531994 0.059599060796753 -0.116283515777972 0.105619198764676 0.0775487942515369  ...
   0.0919113581074847 -0.112573488059519 0.0161009512096824 0.0193918470626284 -0.0881992495776017 0.0579542542752427; ...
  -0.0257389237960855 0.0593883292260989 -0.0207973304323086 0.0048758214540962 0.00456877979500294 0.019806748531994 0.0345025075674834 -0.0585258534802756 -0.00332745147313053 -0.0350971614348563 -0.0197558874626197  ...
   0.0434180563447883 -0.0518794649898884 0.0195790414096631 0.0172425975638359 -0.0138188904332192 -0.0140444590869171; ...
   0.0523847910842324 -0.077430870145118 0.0195666947088525 0.0301492922133805 -0.105421698877956 0.059599060796753 -0.0585258534802756 0.231718035035669 -0.128741725259009 0.25878875947343 0.176992957614136 ...
  -0.0045480509896742 0.0554715848366405 -0.0460600102085087 -0.0192673552152536 -0.0750322603435011 0.0655565220359942; ...
   0.0355306847846875 -0.0856574939848061 -0.0396582237183321 -0.0544643940122553 0.139668694633056 -0.116283515777972 -0.00332745147313053 -0.128741725259009 0.190881278848258 -0.16422699990433 -0.128472269321271 ...
  -0.123318917549556 0.0655538180967395 0.00693677403653987 -0.0809712269874844 0.0869030986287123 0.0502660221386033; ...
   0.0759274897667145 -0.0673206326512969 -0.00273076007703747 0.0502707248095144 -0.131812945556532 0.105619198764676 -0.0350971614348563 0.25878875947343 -0.16422699990433 0.330700470846889 0.233043008290179 ...
   0.023406906006064 0.055283990965729 -0.047788180536264 -0.0102168034800039 -0.103747180957585 0.0539084783198891; ...
   0.0177448787602104 -0.0156953007594483 -0.0314304683949601 0.0265930781628993 -0.091231111257034 0.0775487942515369 -0.0197558874626197 0.176992957614136 -0.128472269321271 0.233043008290179 0.161351960543683 ...
   0.0311449629079601 -0.0456478026281955 -0.00816134534318525 -0.0335235725443433 -0.104754188852442 0.129889838366912; ...
  -0.040013876934483 0.122951246399279 0.0657135520202033 0.0525216068921434 -0.0974610755742706 0.0919113581074847 0.0434180563447883 -0.0045480509896742 -0.123318917549556 0.023406906006064 0.0311449629079601 ...
   0.14226072459552 -0.0198791525067947 -0.0205808408588936 0.144217917122225 -0.0222501167636238 -0.203528369985834; ...
   0.114696394147215 -0.14497458738065 0.142965363258136 0.00457160730323987 -0.0246360157841294 -0.112573488059519 -0.0518794649898884 0.0554715848366405 0.0655538180967395 0.055283990965729 -0.0456478026281955 ...
  -0.0198791525067947 0.438030118630648 -0.217998217689481 0.0964641064895682 0.059755503285738 -0.341079467580851; ...
  -0.0578953209328015 0.0522377126131068 -0.0805102950851503 -0.0215158336277359 0.0371315262775494 0.0161009512096824 0.0195790414096631 -0.0460600102085087 0.00693677403653988 -0.047788180536264 -0.00816134534318525 ...
  -0.0205808408588936 -0.217998217689481 0.0856674433128705 -0.0695361769779594 -0.0143196887074313 0.224332405238907; ...
  -0.0407269337917271 0.0974308784373378 0.104214103525602 0.0353073815519252 -0.0822407112441358 0.0193918470626284 0.0172425975638359 -0.0192673552152536 -0.0809712269874844 -0.0102168034800039 -0.0335235725443433 ...
   0.144217917122225 0.0964641064895682 -0.0695361769779594 0.145005995992038 -0.0168116030613397 -0.281687444362581; ...
  -0.0196294332977215 -0.0150645480765779 0.0071681320334638 -0.0320264818407585 0.05592896741633 -0.0881992495776017 -0.0138188904332192 -0.075032260343501 0.0869030986287123 -0.103747180957585 -0.104754188852442 ...
  -0.0222501167636238 0.059755503285738 -0.0143196887074313 -0.0168116030613397 0.0127135417164173 -0.0192805520630777; ...
   0.0267787794290561 -0.0948519642905057 -0.222853763022403 -0.0418070870141218 0.11170224764328 0.0579542542752427 -0.0140444590869171 0.0655565220359942 0.0502660221386032 0.0539084783198891 0.129889838366912 ...
  -0.203528369985835 -0.341079467580851 0.224332405238907 -0.281687444362581 -0.0192805520630777 0.582944063961871];

qvec = [0.116904531472904;-0.20588101042725;0.072768124452818;0.103649520731031;0.0305209522248588;0.353227560082432;0.14297532377543;0.00891663017460022;0.0632286714273455
